

 Step 1.000000 Load 0.200000
Nodal Displacements: 
 Node      Coords         u1       u2 
  1   0.0000   0.0000   0.0000  -0.0000
  2   1.0000   0.0000   0.2117  -0.0000
  3   1.0000   1.0000   0.2117  -0.1482
  4   0.0000   1.0000   0.0000  -0.1482


 Strains and Stresses 
 
 Element; 1   
 int pt    Coords          B_11      B_22     B_12      s_11       s_22      s_12 
    1  0.2113  0.2113    1.4681    0.7256    0.0000    0.7044    0.0000    0.0000 
    2  0.7887  0.2113    1.4681    0.7256   -0.0000    0.7044    0.0000   -0.0000 
    3  0.2113  0.7887    1.4681    0.7256    0.0000    0.7044    0.0000    0.0000 
    4  0.7887  0.7887    1.4681    0.7256   -0.0000    0.7044    0.0000   -0.0000 


 Step 2.000000 Load 0.400000
Nodal Displacements: 
 Node      Coords         u1       u2 
  1   0.0000   0.0000  -0.0000  -0.0000
  2   1.0000   0.0000   0.5613   0.0000
  3   1.0000   1.0000   0.5613  -0.3122
  4   0.0000   1.0000   0.0000  -0.3122


 Strains and Stresses 
 
 Element; 1   
 int pt    Coords          B_11      B_22     B_12      s_11       s_22      s_12 
    1  0.2113  0.2113    2.4376    0.4730    0.0000    1.7448   -0.0000    0.0000 
    2  0.7887  0.2113    2.4376    0.4730    0.0000    1.7448   -0.0000    0.0000 
    3  0.2113  0.7887    2.4376    0.4730    0.0000    1.7448   -0.0000    0.0000 
    4  0.7887  0.7887    2.4376    0.4730    0.0000    1.7448   -0.0000    0.0000 


 Step 3.000000 Load 0.600000
Nodal Displacements: 
 Node      Coords         u1       u2 
  1   0.0000   0.0000  -0.0000  -0.0000
  2   1.0000   0.0000   1.0926  -0.0000
  3   1.0000   1.0000   1.0926  -0.4598
  4   0.0000   1.0000   0.0000  -0.4598


 Strains and Stresses 
 
 Element; 1   
 int pt    Coords          B_11      B_22     B_12      s_11       s_22      s_12 
    1  0.2113  0.2113    4.3790    0.2918   -0.0000    3.3324   -0.0000   -0.0000 
    2  0.7887  0.2113    4.3790    0.2918   -0.0000    3.3324   -0.0000   -0.0000 
    3  0.2113  0.7887    4.3790    0.2918   -0.0000    3.3324   -0.0000   -0.0000 
    4  0.7887  0.7887    4.3790    0.2918   -0.0000    3.3324   -0.0000   -0.0000 


 Step 4.000000 Load 0.800000
Nodal Displacements: 
 Node      Coords         u1       u2 
  1   0.0000   0.0000   0.0000   0.0000
  2   1.0000   0.0000   1.7846  -0.0000
  3   1.0000   1.0000   1.7846  -0.5673
  4   0.0000   1.0000   0.0000  -0.5673


 Strains and Stresses 
 
 Element; 1   
 int pt    Coords          B_11      B_22     B_12      s_11       s_22      s_12 
    1  0.2113  0.2113    7.7539    0.1872   -0.0000    5.5471   -0.0000   -0.0000 
    2  0.7887  0.2113    7.7539    0.1872    0.0000    5.5471   -0.0000    0.0000 
    3  0.2113  0.7887    7.7539    0.1872   -0.0000    5.5471   -0.0000   -0.0000 
    4  0.7887  0.7887    7.7539    0.1872   -0.0000    5.5471   -0.0000   -0.0000 


 Step 5.000000 Load 1.000000
Nodal Displacements: 
 Node      Coords         u1       u2 
  1   0.0000   0.0000  -0.0000   0.0000
  2   1.0000   0.0000   2.6033   0.0000
  3   1.0000   1.0000   2.6033  -0.6401
  4   0.0000   1.0000   0.0000  -0.6401


 Strains and Stresses 
 
 Element; 1   
 int pt    Coords          B_11      B_22     B_12      s_11       s_22      s_12 
    1  0.2113  0.2113   12.9838    0.1295   -0.0000    8.3365   -0.0000   -0.0000 
    2  0.7887  0.2113   12.9838    0.1295   -0.0000    8.3365   -0.0000   -0.0000 
    3  0.2113  0.7887   12.9838    0.1295   -0.0000    8.3365   -0.0000   -0.0000 
    4  0.7887  0.7887   12.9838    0.1295   -0.0000    8.3365   -0.0000   -0.0000 
